139289
137786
137969
136053
137920
137900
136197
136179
136106
136814
136087
137988
138007
136306
138026
139308
136269
139327
139346
138045
138064
139365
137804
137823
137943
136143
136251
139384
139403
139423
138083
139442
139461
139480
139499
138102
136287
138121
137882
139518
137862
136124
137843
137767
138140
139537
138159
136161
138178
136839
138197
136738
136776
136757
138771
136949
138790
136701
136814
138809
138828
139085
136796
136967
138847
138866
137067
138885
137005
136719
137044
137023
138904
139104
138923
139123
139142
136986
136664
139161
139180
139200
138942
136930
139219
138961
136683
136912
138980
139238
137104
139257
136839
138999