137520
137660
137541
137499
137641
137560
137579
137620
137600
137423
137211
137359
137314
137273
137192
137294
137254
137230
137379
137442
137400
138244
138263
138282
138301
138321
138340
138359
138378
138397
138452
138471
138490
138509
138528
138585
138604
138623
138642
138661
138680
138699
138718
135758
135788
135811
135829
135848
135866
135885
135903
135921
135940
135958
135976
135994
136020
136397
136416
136434
136453
136472
136490
136508
136527
136546
136565
136584